1.8684840202331543
1.6618123054504395
1.4972766637802124
1.3978899717330933
1.3314248323440552
1.2855690717697144
1.2506617307662964
1.2250211238861084
1.204604148864746
1.1877944469451904
1.1744070053100586
1.1631571054458618
1.1522889137268066
1.1444734334945679
1.1372706890106201
1.131316065788269
1.124866008758545
1.1198453903198242
1.115328311920166
1.1116231679916382
1.1070525646209717
1.1035758256912231
1.1006426811218262
1.0981848239898682
1.095378041267395
1.0936094522476196
1.0913537740707397
1.088813066482544
1.0866774320602417
