1.9158759117126465
1.611936092376709
1.4904592037200928
1.4312704801559448
1.3981573581695557
1.3766779899597168
1.3653146028518677
1.3574060201644897
1.3532212972640991
1.3491963148117065
1.347532033920288
1.3474969863891602
1.3477245569229126
1.3487544059753418
1.349835991859436
1.3525941371917725
1.3540130853652954
1.3554799556732178
1.3580223321914673
1.3606172800064087
1.362186074256897
1.365484356880188
1.3677152395248413
1.3709625005722046
1.3724454641342163
1.3760852813720703
1.3784390687942505
1.3811744451522827
1.3833339214324951
