12.495509147644043
3.3890979290008545
1.6590535640716553
0.9881706833839417
0.7375132441520691
0.6151067614555359
0.5371834635734558
0.480258971452713
0.43735581636428833
0.40375953912734985
0.37715980410575867
0.3558256924152374
0.3386489152908325
0.3248714208602905
0.31343546509742737
0.30403950810432434
0.2966081202030182
0.2904406189918518
0.28533628582954407
0.28101232647895813
0.27757465839385986
0.27504032850265503
0.2726231813430786
0.2709318697452545
0.26943567395210266
0.2683105170726776
0.2676078677177429
0.266984224319458
0.26636865735054016
