11.316878318786621
3.032932758331299
1.5893343687057495
1.097998857498169
0.8800593614578247
0.7517366409301758
0.6655393838882446
0.6037522554397583
0.5588115453720093
0.5229769945144653
0.4949500560760498
0.47171494364738464
0.45279231667518616
0.43637198209762573
0.42246460914611816
0.41077524423599243
0.4003351628780365
0.3913419246673584
0.38279590010643005
0.37612438201904297
0.3697599470615387
0.3642444908618927
0.3592095375061035
0.3547005355358124
0.3501456379890442
0.34671708941459656
0.34311965107917786
0.33989161252975464
0.33677276968955994
